  2.9805306324110671E+002
  2.9214131736652547E+002
  2.9113888566362010E+002
  2.9085264532176365E+002
  2.9092468084919989E+002
  2.9067783138389228E+002
  2.9088802204627325E+002
  2.9134902483673284E+002
  2.9228556163801022E+002
  2.9337524504531217E+002
  2.9437994883125714E+002
  2.9391206964909105E+002
  2.9323052855565828E+002
  2.9439423884051433E+002
  2.9560890147440045E+002
  2.9654700569559219E+002
  2.9650925831053058E+002
  2.9699526091087847E+002
  2.9675028925380155E+002
  2.9633544660168047E+002
  2.9550762347718808E+002
  2.9485874518514578E+002
  2.9408579890823268E+002
  2.9322559717793797E+002
  2.9211246649729378E+002
  2.9079438247776051E+002
  2.9052354108553607E+002
  2.9057053279309804E+002
  2.9073048844922101E+002
  2.9054083298167342E+002
  2.9074291105514681E+002
  2.9120702811555049E+002
  2.9216844817536980E+002
  2.9329054607323860E+002
  2.9431964902655994E+002
  2.9364213423155195E+002
  2.9319420826666590E+002
  2.9437485050731516E+002
  2.9559159898929090E+002
  2.9652615443514793E+002
  2.9649616074892077E+002
  2.9698373641941737E+002
  2.9674811549296766E+002
  2.9633977733293096E+002
  2.9550905854274242E+002
  2.9485727403665476E+002
  2.9407861515016498E+002
  2.9321106320207411E+002
  2.9204350847704256E+002
  2.9072815487683431E+002
  2.9047381024925153E+002
  2.9053387257468967E+002
  2.9071387723419366E+002
  2.9053722664465647E+002
  2.9074006576199463E+002
  2.9119755100210108E+002
  2.9215315137738065E+002
  2.9327562173340056E+002
  2.9430318335062992E+002
  2.9361408287755233E+002
  2.9317896230629253E+002
  2.9435826949208490E+002
  2.9557007514423941E+002
  2.9650013550476274E+002
  2.9647604911976367E+002
  2.9696961462518340E+002
  2.9673842484929850E+002
  2.9633587689405914E+002
  2.9550829783827709E+002
  2.9485721581212022E+002
  2.9408037062114335E+002
  2.9321294975662232E+002
  2.9204952180216344E+002
