  0.0000000000000000E+000
  0.0000000000000000E+000
  0.0000000000000000E+000
  0.0000000000000000E+000
  1.8711887457800723E-035
  7.2229433527509794E-003
  8.4286422174016926E-002
  1.8895214455371523E-001
  2.7529294359573547E-001
  3.3653982711475189E-001
  3.7606890659447034E-001
  3.9798106548861656E-001
  4.0498070098961808E-001
  3.9798499563421108E-001
  3.7607727498184623E-001
  3.3655361469288947E-001
  2.7531336986608240E-001
  1.8897950320626325E-001
  8.4315275574900095E-002
  7.2326370948757115E-003
  2.5698517137665699E-035
  0.0000000000000000E+000
  0.0000000000000000E+000
  0.0000000000000000E+000
  0.0000000000000000E+000
  0.0000000000000000E+000
  0.0000000000000000E+000
  0.0000000000000000E+000
  1.8711887457800723E-035
  7.2229433527509794E-003
  8.4286422174016926E-002
  1.8895214455371523E-001
  2.7529294359573547E-001
  3.3653982711475189E-001
  3.7606890659447034E-001
  3.9798106548861656E-001
  4.0498070098961808E-001
  3.9798499563421108E-001
  3.7607727498184623E-001
  3.3655361469288947E-001
  2.7531336986608240E-001
  1.8897950320626325E-001
  8.4315275574900095E-002
  7.2326370948757115E-003
  2.5698517137665699E-035
  0.0000000000000000E+000
  0.0000000000000000E+000
  0.0000000000000000E+000
  0.0000000000000000E+000
  0.0000000000000000E+000
  0.0000000000000000E+000
  0.0000000000000000E+000
  1.8711887457800723E-035
  7.2229433527509794E-003
  8.4286422174016926E-002
  1.8895214455371523E-001
  2.7529294359573547E-001
  3.3653982711475189E-001
  3.7606890659447034E-001
  3.9798106548861656E-001
  4.0498070098961808E-001
  3.9798499563421108E-001
  3.7607727498184623E-001
  3.3655361469288947E-001
  2.7531336986608240E-001
  1.8897950320626325E-001
  8.4315275574900095E-002
  7.2326370948757115E-003
  2.5698517137665699E-035
  0.0000000000000000E+000
  0.0000000000000000E+000
  0.0000000000000000E+000
  0.0000000000000000E+000
