  2.9814999999999998E+002
  2.9814999999999998E+002
  2.9814999999999998E+002
  2.9814999999999998E+002
  2.9814999999999998E+002
  2.9814999999999998E+002
  2.9814999999999998E+002
  2.9814999999999998E+002
  2.9814999999999998E+002
  2.9814999999999998E+002
  2.9814999999999998E+002
  2.9814999999999998E+002
  2.9814999999999998E+002
  2.9814999999999998E+002
  2.9814999999999998E+002
  2.9814999999999998E+002
  2.9814999999999998E+002
  2.9814999999999998E+002
  2.9814999999999998E+002
  2.9814999999999998E+002
  2.9814999999999998E+002
  2.9814999999999998E+002
  2.9814999999999998E+002
  2.9814999999999998E+002
  2.9814999999999998E+002
  2.9814999999999998E+002
  2.9814999999999998E+002
  2.9814999999999998E+002
  2.9814999999999998E+002
  2.9814999999999998E+002
  2.9814999999999998E+002
  2.9814999999999998E+002
  2.9814999999999998E+002
  2.9814999999999998E+002
  2.9814999999999998E+002
  2.9814999999999998E+002
  2.9814999999999998E+002
  2.9814999999999998E+002
  2.9814999999999998E+002
  2.9814999999999998E+002
  2.9814999999999998E+002
  2.9814999999999998E+002
  2.9814999999999998E+002
  2.9814999999999998E+002
  2.9814999999999998E+002
  2.9814999999999998E+002
  2.9814999999999998E+002
  2.9814999999999998E+002
  2.9814999999999998E+002
  2.9814999999999998E+002
  2.9814999999999998E+002
  2.9814999999999998E+002
  2.9814999999999998E+002
  2.9814999999999998E+002
  2.9814999999999998E+002
  2.9814999999999998E+002
  2.9814999999999998E+002
  2.9814999999999998E+002
  2.9814999999999998E+002
  2.9814999999999998E+002
  2.9814999999999998E+002
  2.9814999999999998E+002
  2.9814999999999998E+002
  2.9814999999999998E+002
  2.9814999999999998E+002
  2.9814999999999998E+002
  2.9814999999999998E+002
  2.9814999999999998E+002
  2.9814999999999998E+002
  2.9814999999999998E+002
  2.9814999999999998E+002
  2.9814999999999998E+002
  2.9814999999999998E+002
